%YAML:1.0
cameraMatrix: !!opencv-matrix
   rows: 3
   cols: 3
   dt: d
   data: [ 1.1698099004572280e+003, 0., 6.2360200092279899e+002, 0.,
       1.1669571150651263e+003, 3.3590148439295348e+002, 0., 0., 1. ]
distCoeffs: !!opencv-matrix
   rows: 1
   cols: 5
   dt: d
   data: [ -4.5271945669202507e-002, 7.0996002562613936e-001,
       -3.0110359323232542e-003, 2.1990985952363203e-003,
       -2.6040413794151838e+000 ]
