%YAML:1.0
cameraMatrix: !!opencv-matrix
   rows: 3
   cols: 3
   dt: d
   data: [ 1.1659622791173538e+003, 0., 6.3950000000000000e+002, 0.,
       1.1659622791173538e+003, 3.5950000000000000e+002, 0., 0., 1. ]
