%YAML:1.0
cameraMatrix: !!opencv-matrix
   rows: 3
   cols: 3
   dt: d
   data: [ 2.2916907315353305e+003, 0., 6.3536158515470311e+002, 0.,
       2.2997102236817382e+003, 3.6924653283529699e+002, 0., 0., 1. ]
distCoeffs: !!opencv-matrix
   rows: 1
   cols: 5
   dt: d
   data: [ 1.1234783556906094e+000, -2.0560818171684508e-001,
       -5.5697964965979480e-002, 3.4745882761327380e-003,
       -1.7724103448369707e+001 ]
