%YAML:1.0
cameraMatrix: !!opencv-matrix
   rows: 3
   cols: 3
   dt: d
   data: [ 1.1642445493733337e+003, 0., 6.0998353734004013e+002, 0.,
       1.1640043281658075e+003, 4.6523855129778718e+002, 0., 0., 1. ]
distCoeffs: !!opencv-matrix
   rows: 1
   cols: 5
   dt: d
   data: [ 8.7323403299312905e-003, 2.8633158204796469e-003,
       -7.2194626987348099e-004, 1.2054563069958408e-003,
       -5.9619647720079283e-001 ]
