%YAML:1.0
cameraMatrix: !!opencv-matrix
   rows: 3
   cols: 3
   dt: d
   data: [ 1.3310088399410320e+003, 0., 6.5806677964738515e+002, 0.,
       1.3244218590734026e+003, 4.3049562331764133e+002, 0., 0., 1. ]
distCoeffs: !!opencv-matrix
   rows: 1
   cols: 5
   dt: d
   data: [ 1.0345722052923277e-001, -6.6590023814127253e-001,
       2.7577534128465754e-003, 3.8401062605287976e-003,
       3.0916892378860017e-001 ]
