%YAML:1.0
cameraMatrix: !!opencv-matrix
   rows: 3
   cols: 3
   dt: d
   data: [ 1.1698099004239828e+003, 0., 6.2360180700448404e+002, 0.,
       1.1669571408690169e+003, 3.3590149549947660e+002, 0., 0., 1. ]
distCoeffs: !!opencv-matrix
   rows: 1
   cols: 5
   dt: d
   data: [ -4.5271814016667300e-002, 7.0996188468926869e-001,
       -3.0109962499457119e-003, 2.1990325565049754e-003,
       -2.6040610100997457e+000 ]
