%YAML:1.0
cameraMatrix: !!opencv-matrix
   rows: 3
   cols: 3
   dt: d
   data: [ 1.3512722420709383e+003, 0., 6.1952301541072927e+002, 0.,
       1.3524533780119677e+003, 3.9056386175905959e+002, 0., 0., 1. ]
distCoeffs: !!opencv-matrix
   rows: 1
   cols: 5
   dt: d
   data: [ 1.4912610860576239e-001, -3.5997979669328756e-001,
       -2.1164053594422864e-002, 1.7987259468027750e-003,
       2.2506959625265105e-001 ]
